30
806 156 -261 908 143 71 -903 282 903 969 719 -568 -481 927 369 -939 582 -407 -792 349 -525 -691 845 905 439 297 -199 -771 751 -217
78 637 -145 324 192 -206 795 508 716 -244 -305 -979 806 735 806 714 -90 -549 -92 9 979 -660 -515 413 916 784 -383 -303 93
599 -303 -673 531 -660 -950 -579 -901 677 -229 -392 -514 968 798 350 -175 740 -459 -385 182 365 -608 -907 -575 -130 -420 420 417
247 255 110 784 847 795 -396 -210 -633 969 960 876 748 -400 133 -161 886 -622 889 -517 231 -129 51 -885 744 350 112
-211 -992 231 -83 652 141 -689 492 199 -188 958 389 452 -831 -152 547 -26 -777 868 934 -779 -369 -436 -984 745 -555
-862 -674 674 916 490 -291 500 45 -394 807 -839 -82 668 357 312 135 -855 -128 563 -686 -944 756 -238 71 489
-941 660 -646 -892 -84 264 -303 162 446 1 -990 -874 -601 -142 -908 144 -327 -708 -78 287 637 -660 367 109
159 46 431 -852 -872 -534 135 -308 -741 -515 -321 629 679 652 561 240 -410 -188 -617 -905 799 278 879
159 46 431 -852 -872 -534 135 -308 -741 -515 -321 629 679 652 561 240 -410 -188 -617 -905 799 278
666 31 345 -515 -776 386 376 -379 -1000 -378 415 786 -859 456 245 508 591 -600 300 -352 221
828 390 -834 -943 177 -310 719 650 -41 -61 -171 -772 281 -555 -764 -609 787 -287 -82 349
673 671 503 719 73 831 449 -532 -822 824 -825 -615 395 56 -517 -131 964 -692 780
-966 235 -828 365 -356 -745 -987 -731 396 67 -241 375 596 -332 -317 986 69 25
6 161 -424 915 -775 -745 -375 147 265 -359 400 -986 -919 445 -460 492 -47
-458 -676 -515 -533 -721 -758 777 -742 491 448 -417 -734 794 -824 792 692
449 587 659 -450 -141 861 376 652 808 -572 518 -19 818 655 108
-570 -959 799 -765 218 584 -359 -439 -761 -331 759 -999 -582 -553
0 -302 -579 490 -133 -477 -222 821 780 823 306 -195 -261
1000 442 880 -685 1000 185 -242 334 -315 -253 277 527
-346 656 -965 558 -426 -401 -254 -860 -891 -936 769
556 492 468 662 -481 -559 265 150 462 415
932 562 -333 884 -390 -648 708 140 -950
-670 905 -340 51 450 -182 -218 423
1000 179 466 -554 122 -194 334
504 -943 802 -743 -288 84
-306 -780 -17 589 446
129 400 -929 521
-33 660 -79
84 914
-393